   59.9523   -69.8245    60.1815
   51.8247   -65.0697    62.9042
   47.9507   -59.7425    55.7633
   44.4344   -52.5902    53.7633
   36.0517   -48.3216    46.3854
   32.9330   -45.2761    43.0055
   26.6192   -39.5497    42.9814
   15.1283   -39.5748    38.5383
    6.0778   -40.8543    38.5954
   -4.7251   -40.2960    38.8043
  -17.7921   -41.2917    40.2792
  -24.5436   -41.8690    38.2823
  -33.3474   -39.3279    37.4937
  -38.0103   -37.4282    29.8115
  -42.2939   -29.6692    26.7316
  -38.7811   -27.4875    18.2767
  -40.3899   -26.7749     6.8291
  -40.3865   -23.3185    -3.6094
  -41.0530   -22.6618   -15.3723
  -42.2659   -19.2586   -23.9589
  -40.2069    -9.4979   -29.7113
  -36.5086    -3.5959   -32.8067
  -31.4261   -10.2071   -29.8878
  -23.8532    -9.1314   -33.8462
  -21.3846    -0.6769   -32.8791
  -30.0428     1.7089   -35.3197
  -37.6166     6.5234   -37.1971
  -43.5202    14.3041   -37.9678
  -49.0463    21.2984   -38.6760
  -51.2584    29.9812   -43.9550
  -57.7789    35.2145   -46.8669
  -61.4897    44.1411   -53.2688
  -68.7542    48.8553   -56.1882
  -70.9063    55.6224   -59.8771
  -70.0055    59.5124   -70.4294
