   59.6692   -70.4802    59.9128
   52.1949   -65.0226    59.7475
   50.4036   -57.7261    55.5568
   42.9149   -53.9385    53.2494
   38.7137   -46.9821    47.5686
   31.9599   -44.5757    43.0919
   25.8798   -39.3466    42.6760
   14.9333   -39.8764    39.7122
    5.7338   -41.0396    39.8011
   -3.5906   -41.1761    40.2961
  -18.4874   -39.6595    37.3617
  -24.3904   -42.2468    38.6492
  -34.6839   -38.6316    38.6195
  -39.9665   -36.4897    29.6884
  -40.3301   -31.9967    27.2968
  -41.0657   -27.8592    16.8369
  -40.2519   -24.7445     4.0970
  -39.1986   -23.4245    -4.2022
  -40.4615   -24.4282   -12.3089
  -39.3910   -19.1516   -19.8873
  -41.9945    -8.6750   -29.3771
  -36.4279    -2.8634   -31.5200
  -30.4120   -10.5963   -32.3495
  -23.5793    -6.2966   -31.9198
  -19.7335    -0.5316   -32.9030
  -27.9360     2.9021   -38.6775
  -37.5749     7.4011   -34.8447
  -42.5049    16.5984   -35.7763
  -50.3084    22.1004   -40.1032
  -52.8599    28.0051   -44.0018
  -60.3128    32.5898   -46.5315
  -60.9817    39.6319   -53.3358
  -66.7204    49.4302   -55.3925
  -71.9451    58.1477   -60.3311
  -70.0038    60.1251   -70.3107
