   60.3488   -69.7189    60.2150
   51.5319   -65.8257    62.5842
   48.4112   -55.6947    56.6988
   44.1282   -49.1548    49.1971
   38.2073   -47.3468    48.8332
   32.6431   -45.6707    42.3168
   26.7692   -38.8227    42.2808
   15.4578   -38.9515    41.3461
    5.9726   -41.7452    39.2762
   -4.8822   -42.3714    37.8956
  -13.9532   -39.8952    39.9220
  -24.8330   -40.5239    38.0719
  -32.4291   -41.3268    40.8932
  -37.6624   -36.8663    32.4209
  -40.2178   -29.4421    27.5341
  -41.5656   -26.2145    16.1304
  -38.3808   -27.2568     5.4602
  -39.5804   -24.1913    -5.0030
  -40.0200   -21.7828   -15.1275
  -39.8365   -15.3007   -22.8135
  -38.0883    -8.8859   -28.5463
  -37.1516    -3.1340   -32.2814
  -31.5692   -10.1527   -32.9414
  -23.8214    -8.5867   -31.3234
  -22.4268    -1.2436   -33.6254
  -31.3134     0.5223   -34.7884
  -38.8162     7.5300   -34.8387
  -43.5366    16.0952   -36.7310
  -52.4818    21.2311   -39.2198
  -53.8588    27.1765   -44.1249
  -60.8196    34.0986   -47.1966
  -61.6122    40.4838   -51.6600
  -68.0872    49.8818   -56.3628
  -70.7103    54.7423   -60.1782
  -70.1229    60.1200   -70.2031
