   59.8633   -69.6999    60.3532
   52.4107   -67.8747    60.6278
   48.4110   -57.6975    57.7034
   44.4481   -51.8429    54.7578
   36.9472   -47.3791    51.2905
   31.3126   -45.6885    41.5467
   25.8701   -39.3923    42.5423
   16.1226   -38.9104    41.1629
    4.9093   -38.7549    39.2895
   -3.9344   -39.3307    41.1479
  -15.1768   -41.9827    38.8439
  -26.6069   -39.9580    38.9420
  -34.2859   -40.7106    39.1123
  -37.8139   -36.1318    31.9321
  -39.5734   -29.8093    27.0678
  -40.5612   -30.0354    14.6690
  -38.4660   -25.4063     3.8346
  -40.3937   -23.6249    -3.4007
  -39.8797   -22.8512   -13.7907
  -39.8205   -16.4071   -24.1663
  -40.7560    -9.9928   -29.2671
  -35.8864    -4.0505   -32.4550
  -33.3021   -11.3348   -30.1244
  -25.9475    -8.7314   -31.8768
  -22.0658     0.7513   -33.5759
  -28.6733     2.6266   -34.5257
  -36.1996     6.6831   -33.8006
  -41.5663    15.4295   -36.6399
  -49.5811    22.6243   -37.1707
  -52.4922    28.5333   -44.3395
  -58.7019    31.7523   -45.8954
  -61.9504    41.7773   -50.5060
  -66.9503    48.6988   -56.6201
  -70.5360    55.0414   -60.4565
  -69.9687    59.6736   -70.5448
