   59.6629   -69.9842    60.3244
   50.4080   -64.9337    63.3997
   48.3025   -59.8381    55.8982
   42.1530   -52.7188    51.7668
   37.0769   -47.9513    48.2054
   31.1854   -43.0760    41.7169
   24.7595   -38.6072    41.5847
   15.5531   -38.2160    39.6656
    6.7181   -39.0656    38.7936
   -5.3726   -41.2788    39.5579
  -14.9139   -40.0356    40.0748
  -23.4827   -40.2250    36.9863
  -35.4328   -40.2105    38.7931
  -36.9773   -36.8460    32.0276
  -40.6346   -32.7574    26.8932
  -42.3818   -25.6880    17.7985
  -40.6366   -25.1299     4.9429
  -37.5437   -21.7043    -3.9570
  -40.1658   -23.0224   -13.0009
  -41.9444   -16.2288   -22.0694
  -40.1085    -8.9854   -28.9788
  -35.2796    -4.0251   -32.1802
  -30.5642   -10.3896   -30.3803
  -23.5847    -8.5653   -32.8290
  -20.2262     0.8149   -32.9976
  -31.0990     2.3526   -34.0080
  -39.1010     6.2667   -35.2672
  -42.9977    15.6065   -35.9205
  -50.3132    20.6717   -39.3349
  -52.5308    27.9599   -42.0436
  -59.8196    35.1647   -45.1056
  -61.4737    41.8866   -51.2713
  -68.8637    51.6852   -55.1331
  -70.5978    58.5464   -61.3837
  -69.7881    60.0779   -70.0511
