   60.3119   -69.8264    60.0646
   50.9408   -62.2890    61.4531
   48.6465   -57.9615    56.8559
   41.1674   -52.7521    52.0348
   36.1591   -47.2567    47.1371
   32.1474   -43.3490    41.6624
   23.4500   -37.4107    44.2836
   16.4369   -37.6896    41.6784
    7.7573   -38.8736    40.8307
   -3.7496   -41.2589    39.7308
  -12.8706   -41.5432    39.6398
  -25.5197   -40.0726    39.3935
  -33.3878   -41.6321    40.0153
  -37.7178   -35.9309    30.5244
  -39.5845   -30.1470    25.5459
  -40.0473   -26.9371    15.1949
  -41.3239   -27.8441     6.2603
  -39.7638   -24.4468    -1.9824
  -41.5201   -21.1680   -13.7726
  -40.0954   -16.2915   -22.5918
  -39.0169    -9.2476   -30.0418
  -34.3701    -3.2233   -32.3267
  -31.8562   -12.1493   -31.0767
  -23.4433    -8.0469   -32.4387
  -22.0368    -0.1335   -32.6170
  -29.4200     1.0382   -36.4982
  -36.7374     7.1034   -36.0042
  -43.4524    15.5571   -35.4165
  -51.7725    21.3002   -38.5443
  -51.8059    26.8711   -44.2282
  -58.2672    35.3574   -46.6087
  -61.1046    40.1185   -50.5139
  -66.5714    50.8234   -55.8451
  -71.3258    55.3170   -60.8407
  -69.8789    60.3274   -70.5710
