      59.9766247     -70.0490813      59.9883458
      55.2952429     -64.6913980      58.0028632
      52.9543942     -58.0726467      53.6013953
      48.4146987     -55.4978931      48.9181730
      43.6377630     -51.4467829      47.6152779
      41.0067387     -47.3493450      42.6160348
      36.7427121     -43.4292391      38.2224469
      31.0761205     -40.4813685      39.1435798
      31.5102401     -40.7935369      32.4995698
      30.5847727     -36.4422466      32.6356044
      25.1628254     -33.0128456      31.7606636
      12.9712142     -33.7985111      31.1004942
      -0.6558837     -34.5954394      27.8514955
     -16.1503717     -32.9277879      26.1481258
     -24.1112341     -29.8412140      17.7829191
     -26.4876086     -21.8637177       3.0802114
     -27.6915369     -16.1608618     -14.2130790
     -28.1251287     -12.1041018     -17.5170136
     -28.6622460      -6.8283517     -25.4518171
     -21.2938363      -4.1510550     -30.2248107
      -6.9152407      -8.1177195     -27.7847808
      -1.5886409      -1.0910679     -30.9764516
     -18.7190006       0.7610065     -33.5656652
     -27.9993224       6.7082821     -35.0595282
     -34.3461785      12.6090592     -34.5908608
     -41.2835787      17.0087528     -37.3265146
     -43.5760291      24.3799977     -41.1017581
     -48.1954138      29.3710856     -44.4448078
     -50.2231934      34.6124525     -49.4626189
     -55.6868312      39.4306302     -52.2293855
     -57.2365796      43.8466516     -57.6237500
     -61.8791030      50.6449683     -59.7622160
     -65.4821617      54.6422117     -64.0625958
     -68.8538830      58.6060693     -66.2450417
     -69.9479099      59.9069531     -70.1710317
