   59.5876   -69.4991    59.7239
   51.0804   -64.0789    61.9973
   49.1070   -59.0776    56.3379
   42.0772   -51.2038    51.8905
   38.3107   -48.5370    47.5622
   31.0458   -43.8207    43.0098
   25.6879   -37.4422    42.6795
   15.9680   -37.3606    39.5585
    6.8626   -42.1519    39.0873
   -5.3402   -42.0208    37.3581
  -14.3994   -41.0428    39.3450
  -27.2296   -40.2776    37.7849
  -33.4405   -40.2549    40.4974
  -37.8115   -34.2780    33.8300
  -39.0185   -31.2369    25.8638
  -40.4884   -28.0610    15.5659
  -41.0513   -26.9849     6.1785
  -39.3816   -24.2799    -3.3046
  -39.1032   -22.3597   -11.9840
  -40.2142   -15.9309   -23.9941
  -40.2362   -10.5882   -29.3580
  -35.0742    -4.2605   -31.1485
  -31.3253   -10.5325   -28.8472
  -24.4943    -9.1561   -33.3966
  -22.1601     0.0625   -32.1369
  -30.2699     4.4380   -33.7474
  -37.2869     4.8352   -34.2269
  -41.2467    15.3663   -36.0465
  -51.7058    19.8580   -37.5126
  -52.2577    27.2956   -43.4413
  -61.0744    34.1377   -46.3737
  -61.5611    41.9222   -51.2719
  -65.4825    49.2600   -55.7815
  -70.7871    55.4205   -60.2605
  -69.2401    59.8793   -70.0890
