   59.8656   -69.9140    60.0363
   52.6114   -63.2552    61.3884
   48.0516   -60.2358    56.3981
   41.7178   -50.9719    52.4956
   35.4820   -46.5197    44.1741
   30.1109   -44.3825    40.1077
   26.7033   -36.7904    40.1651
   17.7604   -38.5071    41.7252
    3.8011   -39.5803    38.8111
   -1.9052   -41.8350    39.4752
  -14.9228   -41.0663    39.6863
  -25.2375   -40.6978    36.4476
  -35.6033   -39.7554    38.5838
  -39.4272   -36.4592    29.1561
  -39.0295   -29.7782    25.4184
  -40.0594   -26.5071    17.2215
  -39.4002   -23.2269     5.3995
  -37.0636   -23.7381    -3.4236
  -40.0609   -23.1481   -12.7744
  -42.5324   -16.2482   -22.6675
  -38.7411    -9.9601   -28.9501
  -37.4499    -3.1427   -32.4948
  -30.4883   -10.6566   -30.6715
  -23.4671    -9.4404   -32.9395
  -20.6266     1.2628   -32.1616
  -30.0197     2.3455   -34.8062
  -36.9460     6.0520   -35.0172
  -43.6700    14.5131   -37.4847
  -51.7258    21.5504   -36.5964
  -51.2141    29.0616   -42.8232
  -59.8122    34.3877   -47.3100
  -61.6237    40.3027   -53.1431
  -68.1963    48.6774   -57.5803
  -71.3773    57.2157   -59.7410
  -69.6347    59.6496   -69.7627
