   60.0076   -70.0062    60.1914
   50.5647   -66.4107    60.6845
   49.1590   -59.6079    53.6515
   41.7386   -52.4728    52.2678
   38.3281   -44.5781    48.7150
   32.7457   -44.6127    40.4426
   25.0245   -38.5396    42.4274
   17.8612   -39.4721    42.5553
    6.0517   -38.9329    40.0637
   -4.1483   -40.2778    40.2939
  -16.7466   -40.9366    36.8331
  -23.9407   -41.8050    38.0581
  -33.8303   -40.6440    38.7406
  -37.1184   -36.2337    32.3482
  -38.8864   -29.1408    27.1194
  -40.2139   -28.5348    15.5806
  -42.1277   -26.2524     7.5336
  -40.8554   -20.8157    -3.9410
  -38.4189   -22.9302   -15.7337
  -40.5417   -18.2238   -23.5050
  -42.2903    -9.6091   -29.9510
  -37.5127    -4.8437   -31.7999
  -31.2580   -10.7033   -30.8808
  -25.0310    -8.9100   -33.8163
  -20.7337     0.0171   -33.1207
  -31.8625     3.1505   -37.3022
  -36.5264     6.3101   -35.4965
  -45.1044    12.7738   -35.9856
  -48.5703    20.9893   -36.8707
  -51.1799    28.3288   -46.3211
  -60.6596    33.5846   -45.6285
  -62.6665    42.6683   -52.1131
  -66.7711    50.6832   -56.4601
  -72.0534    56.6649   -59.2207
  -69.6708    60.7434   -70.0176
