   59.6794   -69.8283    60.0442
   50.3803   -63.7263    62.0114
   48.2886   -58.6663    56.9930
   42.0969   -52.7098    50.1421
   35.8319   -47.7664    47.9244
   32.6287   -42.7272    41.1824
   24.4146   -38.1452    41.2472
   13.5523   -39.0833    41.1820
    5.2869   -41.9348    40.1497
   -4.3669   -41.4429    41.0091
  -14.2096   -42.7566    37.4908
  -25.1093   -40.2442    39.7276
  -35.5529   -39.2288    37.9439
  -37.0638   -37.3802    29.4735
  -40.3784   -27.9189    24.9520
  -38.8584   -28.5580    17.6646
  -40.8914   -26.6193     6.1109
  -39.0377   -25.3310    -5.2837
  -39.9936   -22.1708   -14.7476
  -40.6243   -15.3468   -21.2335
  -40.6680    -8.8753   -29.3533
  -35.4536    -2.0893   -31.9345
  -30.0693    -9.0297   -31.0491
  -22.7019    -9.1730   -31.8475
  -22.2816    -0.0103   -33.3230
  -31.0309     1.0672   -35.5968
  -36.8448     7.7669   -33.7591
  -43.6496    14.8906   -32.2815
  -51.6488    20.4007   -40.4504
  -52.0024    27.4897   -41.4597
  -58.9627    35.8142   -45.9291
  -60.2682    43.4936   -50.9920
  -65.6744    50.1705   -55.0176
  -70.0749    55.0111   -61.1351
  -69.9995    60.1825   -70.0473
