   59.9896   -70.0216    60.2806
   50.6728   -66.4426    62.0800
   48.3051   -55.4531    55.2583
   42.8217   -53.2126    51.0104
   35.2946   -47.6520    48.9755
   32.9326   -43.5941    41.9452
   25.3580   -39.5552    43.3344
   15.0160   -38.8048    42.2588
    4.5453   -40.2670    42.0701
   -5.9191   -42.1043    38.1115
  -13.8567   -41.5544    38.8589
  -21.4160   -40.2834    38.3670
  -32.8519   -39.7652    37.0991
  -37.5065   -37.0793    32.3148
  -39.8958   -30.0892    26.5488
  -39.2239   -26.9021    14.2365
  -40.4792   -24.6107     6.3309
  -39.8962   -25.8045    -3.2534
  -39.7011   -20.7106   -13.4433
  -40.0460   -16.0261   -21.6813
  -42.1350    -9.8145   -26.3705
  -35.8187    -2.3946   -31.7014
  -30.7169   -11.5286   -31.4245
  -26.6304    -9.3966   -33.8794
  -21.5923    -1.5632   -31.7973
  -31.1402     1.8877   -35.8446
  -37.0884     4.1428   -33.2218
  -44.3775    14.5535   -37.5200
  -49.9598    19.9237   -39.4693
  -51.4901    26.8172   -44.4735
  -59.8373    34.6625   -44.8610
  -61.2468    41.6068   -53.3185
  -70.1110    49.7437   -55.3617
  -71.0417    56.6970   -61.0141
  -69.4575    59.9887   -69.7925
