   60.3076   -70.3048    60.2362
   50.6158   -63.2105    61.2176
   49.5841   -58.3543    56.6812
   41.8201   -53.1247    53.1816
   38.2133   -46.4395    48.4541
   32.7768   -43.4424    43.5438
   24.0065   -38.1784    40.7853
   17.9416   -39.7106    40.6313
    5.4506   -40.5396    40.9447
   -4.5475   -37.6794    38.9185
  -14.9261   -40.7091    39.1084
  -24.3241   -38.7615    39.7545
  -34.3469   -40.6117    38.4945
  -36.2851   -34.9943    30.0334
  -42.3282   -31.5284    26.7416
  -40.9441   -25.3154    15.7455
  -39.3775   -24.0132     5.7490
  -37.7815   -22.3562    -4.3522
  -40.7496   -21.2381   -14.1389
  -40.3952   -15.8442   -21.4368
  -39.3652   -11.2462   -28.4869
  -34.4685    -2.1015   -31.5720
  -32.3980   -10.0664   -32.5825
  -25.3986   -10.5221   -31.5583
  -23.5910     0.0087   -33.3081
  -30.7223     0.8075   -35.9354
  -37.0873     7.4459   -35.1232
  -40.9925    14.6294   -36.0698
  -49.7993    19.1638   -37.9950
  -51.4754    29.9721   -43.3353
  -59.8354    33.6104   -47.1750
  -62.1365    45.0034   -51.9874
  -67.4171    48.4737   -53.0265
  -71.2232    55.3636   -59.4621
  -69.8262    60.0298   -69.9654
