   60.5045   -69.3155    59.7292
   52.1200   -66.0870    63.0802
   48.8923   -58.2277    55.9139
   42.9539   -54.1353    52.7330
   36.7163   -47.4462    47.9119
   34.1571   -44.2176    41.6973
   25.3152   -37.8166    41.7822
   14.5239   -40.1278    40.8777
    4.5003   -41.1609    39.0867
   -4.9922   -41.1493    38.8818
  -15.8171   -43.4186    40.0893
  -22.8236   -39.5475    37.9510
  -35.5002   -40.2781    39.6222
  -38.9258   -35.3744    30.8632
  -37.6172   -28.7036    27.6132
  -39.7901   -26.8510    15.2590
  -40.7506   -26.0040     6.3873
  -40.9380   -24.3129    -2.0684
  -41.5981   -22.5269   -13.6411
  -40.3577   -14.3015   -20.9563
  -39.7033    -8.2315   -27.8930
  -36.6335    -3.4527   -31.0295
  -30.5755    -9.6667   -30.4178
  -26.0434    -5.2945   -30.4505
  -21.6972     0.3790   -31.2555
  -29.9768     2.9218   -36.0059
  -38.2159     6.4273   -33.6336
  -43.5223    16.5512   -34.8095
  -49.3053    20.7373   -39.6255
  -51.6860    29.7073   -46.2785
  -57.8172    34.9121   -46.7954
  -62.7709    41.3239   -52.9494
  -68.9004    48.6555   -56.5266
  -68.8716    56.2368   -59.6396
  -70.3613    59.7329   -69.7650
