   59.7422   -70.1678    59.7415
   53.1251   -65.6204    62.7583
   49.4212   -58.8379    58.1797
   43.2236   -51.5141    51.9257
   36.7833   -47.2418    48.4611
   32.6618   -44.0606    41.7714
   25.3372   -36.2803    41.3327
   14.8673   -39.5100    41.5987
    5.5257   -39.7190    38.0745
   -6.5994   -40.3322    38.2454
  -16.7715   -44.4321    39.7163
  -25.4554   -40.2752    38.1993
  -34.3176   -39.6767    39.4757
  -37.7558   -35.7455    31.8442
  -40.1619   -31.2656    24.0196
  -40.7777   -29.6382    16.4098
  -40.7901   -24.6057     6.9900
  -38.8375   -22.9663    -3.7875
  -40.8450   -21.8929   -11.5209
  -39.3958   -19.1871   -21.4544
  -40.1656    -9.5316   -30.1898
  -34.6914    -3.7981   -33.0529
  -32.4021   -10.7979   -29.3364
  -25.1526    -9.1441   -32.0378
  -20.8590     0.2104   -31.8531
  -29.2374     1.7958   -34.3766
  -35.7981     4.0662   -34.9236
  -42.1318    15.0337   -36.6133
  -50.8393    19.6427   -38.9210
  -53.4544    27.6121   -44.1388
  -60.1252    33.6245   -46.2007
  -62.6237    41.1145   -51.9670
  -65.9900    50.0186   -55.1906
  -70.7404    56.4775   -61.3368
  -70.0226    59.9751   -70.2553
