   59.7967   -70.3735    60.2840
   51.1126   -65.2088    61.8261
   50.1006   -57.5751    56.7645
   42.2007   -52.2452    52.1162
   36.8438   -47.1738    45.8808
   32.9206   -44.4087    42.1677
   23.5416   -38.3669    40.6974
   16.5394   -39.1461    42.1472
    7.0362   -40.1283    38.8697
   -4.6848   -42.9867    40.5700
  -15.7551   -40.9593    38.8077
  -25.8396   -37.9379    37.5632
  -35.6576   -41.3433    39.7365
  -38.9958   -37.8042    30.7523
  -39.9480   -31.6694    26.4322
  -40.4810   -28.4114    16.1578
  -39.6853   -25.5282     5.0947
  -39.7499   -23.8793    -3.9132
  -37.7344   -20.9046   -13.1524
  -39.4616   -17.5361   -22.3154
  -40.0273   -11.1966   -26.9233
  -35.9915    -3.6060   -33.7578
  -29.8244   -12.0238   -30.9708
  -22.0887    -7.4684   -32.1410
  -21.5475    -1.0200   -33.6604
  -30.7117     3.3342   -34.8211
  -37.2700     4.1605   -36.3705
  -43.9470    14.4326   -37.8873
  -50.0968    20.1934   -37.3039
  -52.2644    30.0727   -43.5543
  -58.8681    33.7234   -45.8886
  -62.6223    40.5044   -53.8080
  -66.6717    48.7155   -55.1750
  -71.1494    55.5374   -62.8971
  -70.1658    59.9058   -69.9715
