   59.4678   -70.2806    59.5239
   50.9732   -62.1549    64.4978
   50.0584   -57.6923    55.7234
   42.6001   -52.3063    51.4004
   36.5455   -45.7666    48.5859
   32.3227   -42.4215    40.3735
   26.2203   -37.3217    41.0280
   14.7751   -37.9201    39.8271
    4.9065   -40.0039    41.4864
   -3.4402   -42.1636    39.9080
  -14.7953   -42.5658    38.1793
  -21.9185   -42.6355    38.6491
  -34.4732   -42.8508    38.5274
  -38.7742   -36.4058    31.2139
  -37.4387   -29.5855    27.7488
  -40.3457   -29.6210    14.6784
  -38.5497   -24.9700     5.3872
  -42.7926   -24.4031    -3.4179
  -41.9587   -21.1771   -14.6387
  -39.2818   -16.8864   -22.5763
  -39.0199   -11.4877   -30.8455
  -35.1272    -4.2751   -29.9171
  -31.3670   -11.0856   -33.1861
  -23.6452   -10.7291   -33.6801
  -20.6593     0.8967   -35.2429
  -31.5375     3.4898   -35.8934
  -39.4671     6.4419   -35.0192
  -44.0386    16.1062   -36.5708
  -49.3204    20.8104   -37.6597
  -52.5990    26.8881   -42.6653
  -58.9957    36.5662   -46.0514
  -61.4422    43.2725   -53.0077
  -66.5143    50.6040   -55.8327
  -70.4326    56.6668   -63.0014
  -70.3524    60.0295   -69.9537
