   60.2713   -70.0714    60.0370
   51.2671   -65.9548    62.2539
   49.9668   -57.6193    56.6558
   43.4667   -52.1419    51.0867
   36.9441   -48.3996    48.8634
   33.1349   -42.8262    44.3050
   24.5502   -35.9108    40.9936
   15.7231   -39.3939    40.9632
    5.4157   -38.8755    39.2030
   -5.3575   -42.0700    39.0996
  -13.2020   -41.6775    39.3881
  -23.4573   -41.0435    38.7195
  -32.1730   -40.5768    41.7533
  -36.4962   -36.4883    31.5033
  -37.3316   -31.4473    26.4991
  -38.1209   -28.1130    16.8760
  -39.1811   -24.0844     6.0083
  -38.7728   -22.0987    -4.0196
  -41.5908   -20.2524   -14.0318
  -39.9082   -15.8166   -21.5961
  -39.9245    -9.8041   -30.1937
  -34.3986    -2.6526   -30.9864
  -31.8375   -11.4534   -30.9508
  -24.0418    -7.6722   -31.7718
  -21.8649     0.7812   -33.5717
  -30.9206     1.4945   -34.7404
  -38.4162     4.8914   -35.2034
  -41.9918    16.0178   -37.6557
  -51.0885    21.3663   -37.9213
  -52.4278    30.7206   -45.0235
  -59.4672    34.2911   -46.1919
  -61.9010    40.5361   -51.7637
  -67.8651    48.6580   -54.4224
  -74.2901    55.1060   -61.6573
  -69.8041    59.9997   -69.9240
