   60.2543   -70.2160    60.4089
   52.5989   -64.3776    63.4752
   47.3940   -57.9755    56.2927
   42.0059   -52.8376    52.2726
   37.6366   -46.3646    48.6405
   31.9003   -43.8568    41.4289
   26.5466   -37.5903    42.8940
   15.5868   -39.7954    41.1453
    5.6795   -41.9736    39.7539
   -5.5675   -40.9275    39.1346
  -14.9277   -41.1847    38.0503
  -23.8269   -40.7414    38.8058
  -33.3926   -41.6751    38.1742
  -37.5884   -36.9132    32.1046
  -39.3279   -28.7567    26.3273
  -40.0145   -26.7864    15.6294
  -39.7391   -26.3470     7.1412
  -39.8912   -25.1421    -4.8940
  -41.2696   -23.0146   -13.7200
  -39.1461   -17.4839   -22.7513
  -40.6101    -9.3958   -29.0264
  -35.6555    -5.5768   -31.9252
  -31.6650   -10.7972   -30.0975
  -23.3513    -4.8193   -32.8627
  -22.3453    -0.2550   -32.6052
  -30.9836     4.1240   -34.5652
  -38.7705     9.3019   -35.4878
  -42.8708    12.7856   -34.8944
  -48.6109    19.8536   -38.3232
  -51.4352    28.9698   -44.6115
  -61.5562    32.9660   -45.9054
  -62.3726    42.5976   -52.8369
  -66.5373    48.8026   -55.3440
  -71.0416    55.4448   -60.1713
  -69.4552    59.8389   -70.1167
