   59.5855   -70.1193    59.4886
   51.5265   -65.2640    63.5959
   48.1499   -56.2524    56.9840
   43.8272   -52.3917    51.8533
   36.6060   -46.0660    47.6121
   31.5287   -43.1591    41.6840
   27.1789   -38.7258    43.3831
   15.7682   -39.0321    41.9631
    5.7044   -38.5764    41.3657
   -3.6812   -40.2023    40.2539
  -15.2140   -40.4505    38.5836
  -25.2920   -41.4296    37.7645
  -34.3827   -39.9164    38.3012
  -37.4324   -34.7327    30.2920
  -40.2297   -28.8476    24.6003
  -40.6315   -29.0125    15.5656
  -39.5848   -27.1902     7.2921
  -39.6376   -22.8926    -3.5165
  -40.7126   -21.9038   -13.8554
  -40.1518   -16.5985   -20.5741
  -39.7417   -10.6716   -28.1917
  -35.7932    -3.5422   -30.0710
  -30.2476   -10.3130   -30.5069
  -25.4495    -9.4643   -31.9991
  -22.5526     0.6173   -33.1366
  -29.9229     3.9329   -37.1665
  -37.4801     7.2544   -34.9350
  -43.9864    14.5606   -34.5519
  -51.3196    20.8987   -36.5408
  -52.3275    30.2459   -44.7244
  -58.5818    34.0241   -47.0044
  -62.4360    43.6543   -49.2520
  -66.5418    48.8107   -54.4306
  -70.9890    55.8590   -59.8625
  -70.2249    59.3340   -70.1854
