   60.3013   -70.3062    59.7963
   52.1178   -64.6473    63.5385
   49.2612   -58.7732    55.3245
   43.9111   -52.5650    51.6534
   38.4214   -48.2818    48.3811
   31.8003   -43.2133    40.8008
   24.2711   -39.5252    43.5673
   14.6100   -38.9590    41.8175
    5.4405   -40.3785    41.0406
   -5.1286   -39.9111    37.5455
  -14.6794   -39.8229    38.1481
  -26.5071   -41.9813    37.5138
  -32.5360   -40.3836    40.7143
  -36.7699   -37.3869    30.8738
  -41.8937   -31.4771    26.5243
  -40.9064   -27.0735    15.6098
  -40.7187   -24.4676     5.5718
  -40.3358   -23.8188    -3.8098
  -41.2741   -22.5701   -13.9985
  -39.6053   -14.9453   -22.9145
  -40.9498    -9.5621   -28.8711
  -36.3723    -7.0763   -32.6047
  -29.6639    -9.8439   -30.5317
  -23.1120    -8.1511   -33.5070
  -21.2936    -0.4608   -32.2719
  -31.5719     2.8130   -36.1679
  -34.3426     6.1639   -35.9982
  -41.7528    14.8530   -37.3296
  -51.0983    19.9040   -38.2292
  -54.2470    28.2141   -46.4742
  -58.8743    35.5558   -45.8698
  -61.3366    40.4437   -53.5043
  -67.0125    49.3896   -54.5056
  -70.2835    58.6998   -62.5668
  -70.2205    60.0640   -70.4212
