      60.5181000     -70.0007000      59.2319000
      49.0579371     -68.5697703      60.3289108
      37.7978646     -70.5857377      61.6462349
      27.2102218     -68.3364896      57.8996202
      15.9487715     -67.2208997      60.5323608
       5.0996118     -70.3200399      58.0094201
      -5.9197300     -71.7124527      60.9691882
     -17.5159321     -72.4898216      60.9501205
     -28.7411095     -69.6609918      59.9644427
     -40.1815192     -67.7943559      59.5885345
     -50.5763982     -71.8654231      62.4314773
     -61.2646982     -70.8338299      58.4993512
     -70.5936002     -74.1205195      52.4182035
     -73.4482657     -71.9889400      41.9226314
     -73.8762015     -72.5494625      30.5296144
     -74.0657480     -73.0124039      18.9134693
     -71.6188536     -73.6706604       7.5355625
     -72.5850771     -74.1154561      -3.8170873
     -73.3211679     -74.4074504     -15.3845347
     -73.4496070     -73.6171521     -27.0190046
     -74.3987436     -73.6932283     -38.6226829
     -71.1135866     -72.3881411     -49.7012794
     -74.5314846     -70.4088899     -60.4604829
     -75.5801539     -62.3460253     -68.4627041
     -73.0234445     -52.5937464     -74.1686417
     -74.8211625     -41.1800039     -75.5149875
     -73.9113221     -29.6217234     -75.5499916
     -74.9543372     -18.2338331     -73.8335524
     -72.6812441      -7.0495284     -76.2766617
     -71.4015537       4.2882793     -74.8272058
     -69.6403219      15.5044700     -72.6679983
     -72.6781952      26.7315854     -73.3762230
     -69.7254301      37.7563841     -73.5815464
     -72.3808532      49.0883103     -72.9612449
     -69.9166000      59.8872000     -70.3915000
